0 217
1 116
2 116
3 116
4 116
5 116
6 116
7 116
8 73
9 116
10 201
11 116
12 116
13 116
14 116
15 116
16 116
17 73
18 18
19 116
20 116
21 116
22 116
23 217
24 73
25 73
26 194
27 116
28 116
29 116
30 116
31 116
32 116
33 73
34 217
35 116
36 116
37 116
38 73
39 73
40 116
41 73
42 116
43 43
44 116
45 116
46 194
47 47
48 194
49 116
50 194
51 194
52 116
53 116
54 116
55 201
56 116
57 116
58 116
59 116
60 201
61 116
62 217
63 116
64 116
65 116
66 66
67 194
68 116
69 217
70 194
71 116
72 116
73 73
74 116
75 75
76 76
77 116
78 78
79 217
80 80
81 81
82 82
83 217
84 84
85 85
86 86
87 87
88 88
89 89
90 90
91 91
92 92
93 116
94 94
95 116
96 96
97 97
98 73
99 73
100 100
101 101
102 102
103 194
104 104
105 116
106 106
107 107
108 108
109 116
110 110
111 194
112 194
113 113
114 114
115 115
116 116
117 117
118 118
119 119
120 120
121 121
122 122
123 123
124 124
125 125
126 126
127 127
128 128
129 129
130 130
131 131
132 132
133 133
134 134
135 135
136 136
137 137
138 138
139 139
140 140
141 141
142 142
143 143
144 144
145 145
146 146
147 147
148 148
149 149
150 150
151 170
152 152
153 153
154 154
155 155
156 156
157 157
158 158
159 116
160 160
161 161
162 162
163 163
164 164
165 116
166 166
167 167
168 168
169 169
170 170
171 171
172 172
173 173
174 174
175 73
176 116
177 177
178 178
179 116
180 180
181 194
182 116
183 183
184 116
185 185
186 116
187 116
188 116
189 116
190 194
191 194
192 194
193 194
194 194
195 217
196 116
197 197
198 194
199 116
200 194
201 201
202 202
203 116
204 170
205 116
206 116
207 73
208 194
209 116
210 194
211 116
212 116
213 116
214 194
215 217
216 194
217 217
218 116
219 116
220 201
221 194
222 116
223 73
224 201
225 194
226 116
227 194
228 116
229 194
230 116
231 194
232 116
233 217
234 116
235 73
236 116
237 116
238 0
239 73
240 116
241 194
242 197
243 194
244 116
245 170
246 194
247 116
248 116
249 217
250 194
251 170
252 194
253 201
254 194
255 73
256 194
257 194
258 217
259 116
260 217
261 217
262 73
263 73
264 201
265 116
266 194
267 116
268 73
269 194
270 116
271 116
272 73
273 116
274 116
275 217
276 18
277 194
278 201
279 194
280 201
281 116
282 194
283 116
284 116
285 194
286 194
287 73
288 116
289 0
290 194
291 116
292 116
293 73
294 217
295 73
296 170
297 194
298 194
299 116
300 170
301 194
302 116
303 116
304 116
305 194
306 73
307 217
308 116
309 116
310 116
311 0
312 73
313 217
314 73
315 217
316 217
317 194
318 116
319 18
320 217
321 116
322 217
323 194
324 201
325 18
326 194
327 116
328 194
329 73
330 194
331 116
332 116
333 197
334 217
335 73
336 116
337 0
338 194
339 116
340 194
341 194
342 194
343 116
344 194
345 73
346 170
347 116
348 194
349 201
350 201
351 194
352 201
353 116
354 73
355 73
356 194
357 194
358 194
359 170
360 0
361 217
362 116
363 116
364 194
365 73
366 73
367 194
368 18
369 194
370 217
371 170
372 201
373 201
374 116
375 73
376 194
377 170
378 201
379 73
380 194
381 194
382 201
383 194
384 194
385 194
386 116
387 116
388 73
389 217
390 194
391 116
392 194
393 116
394 73
395 116
396 116
397 73
398 217
399 217
400 116
401 194
402 116
403 116
404 194
405 116
406 116
407 116
408 201
409 0
410 116
411 194
412 194
413 170
414 116
415 170
416 116
417 116
418 116
419 116
420 201
421 116
422 194
423 73
424 0
425 116
426 116
427 194
428 116
429 170
430 170
431 194
432 170
433 116
434 116
435 116
436 73
437 18
438 73
439 116
440 194
441 0
442 217
443 217
444 201
445 170
446 194
447 116
448 116
449 0
450 217
451 116
452 217
453 116
454 194
455 194
456 217
457 18
458 73
459 201
460 73
461 194
462 194
463 116
464 170
465 0
466 116
467 194
468 197
469 73
470 170
471 194
472 116
473 197
474 0
475 194
476 0
477 217
478 217
479 116
480 73
481 116
482 116
483 217
484 73
485 116
486 194
487 73
488 0
489 116
490 116
491 18
492 116
493 0
494 116
495 18
496 194
497 116
498 194
499 217
500 197
501 194
502 18
503 217
504 0
505 197
506 170
507 116
508 217
509 170
510 116
511 201
512 197
513 170
514 0
515 0
516 73
517 217
518 197
519 73
520 197
521 73
522 18
523 217
524 116
525 194
526 194
527 73
528 116
529 0
530 194
531 116
532 0
533 194
534 116
535 194
536 194
537 0
538 116
539 170
540 194
541 217
542 170
543 116
544 116
545 73
546 73
547 116
548 194
549 0
550 170
551 170
552 116
553 194
554 0
555 18
556 73
557 18
558 194
559 194
560 116
561 170
562 116
563 0
564 0
565 73
566 194
567 18
568 73
569 201
570 194
571 170
572 194
573 197
574 73
575 194
576 201
577 116
578 18
579 116
580 116
581 0
582 116
583 116
584 217
585 116
586 201
587 194
588 18
589 170
590 217
591 217
592 116
593 197
594 194
595 73
596 18
597 194
598 116
599 197
600 194
601 116
602 0
603 197
604 116
605 116
606 116
607 194
608 201
609 194
610 201
611 116
612 217
613 0
614 217
615 0
616 73
617 73
618 116
619 201
620 73
621 0
622 0
623 194
624 197
625 116
626 116
627 197
628 116
629 116
630 194
631 73
632 201
633 217
634 116
635 73
636 0
637 170
638 194
639 73
640 194
641 194
642 116
643 18
644 0
645 217
646 217
647 0
648 217
649 116
650 197
651 116
652 0
653 73
654 73
655 116
656 201
657 217
658 73
659 116
660 0
661 0
662 194
663 73
664 73
665 73
666 116
667 0
668 194
669 170
670 201
671 73
672 116
673 73
674 116
675 116
676 116
677 201
678 116
679 201
680 73
681 18
682 116
683 217
684 217
685 197
686 201
687 0
688 201
689 116
690 116
691 170
692 116
693 0
694 18
695 116
696 194
697 73
698 0
699 0
700 116
701 217
702 194
703 197
704 116
705 0
706 0
707 0
708 194
709 201
710 194
711 116
712 73
713 194
714 73
715 170
716 116
717 217
718 194
719 0
720 217
721 217
722 73
723 201
724 116
725 194
726 18
727 0
728 0
729 217
730 0
731 116
732 217
733 197
734 217
735 194
736 116
737 197
738 194
739 197
740 170
741 194
742 217
743 73
744 0
745 73
746 0
747 201
748 18
749 116
750 217
751 194
752 116
753 217
754 194
755 170
756 170
757 0
758 217
759 217
760 116
761 0
762 116
763 170
764 0
765 116
766 116
767 170
768 73
769 201
770 73
771 116
772 116
773 217
774 116
775 73
776 73
777 116
778 194
779 0
780 0
781 116
782 194
783 18
784 170
785 0
786 116
787 170
788 194
789 116
790 116
791 194
792 201
793 170
794 0
795 18
796 0
797 73
798 194
799 0
800 116
801 73
802 201
803 194
804 170
805 170
806 0
807 194
808 116
809 170
810 197
811 116
812 73
813 73
814 116
815 116
816 73
817 217
818 116
819 194
820 201
821 194
822 201
823 194
824 170
825 170
826 201
827 116
828 0
829 0
830 194
831 116
832 217
833 116
834 217
835 73
836 18
837 194
838 0
839 73
840 194
841 170
842 116
843 0
844 0
845 116
846 217
847 116
848 116
849 201
850 217
851 217
852 116
853 201
854 197
855 0
856 0
857 194
858 0
859 194
860 0
861 194
862 73
863 116
864 170
865 0
866 73
867 0
868 170
869 0
870 18
871 18
872 0
873 116
874 73
875 18
876 73
877 217
878 194
879 0
880 217
881 73
882 73
883 217
884 217
885 0
886 73
887 73
888 116
889 0
890 217
891 0
892 201
893 201
894 0
895 0
896 116
897 194
898 201
899 116
900 194
901 116
902 73
903 201
904 0
905 194
906 217
907 0
908 18
909 194
910 73
911 217
912 73
913 116
914 18
915 217
916 0
917 201
918 116
919 73
920 0
921 217
922 170
923 170
924 73
925 0
926 18
927 0
928 116
929 0
930 116
931 194
932 194
933 0
934 194
935 201
936 0
937 0
938 170
939 0
940 170
941 194
942 116
943 116
944 0
945 0
946 217
947 0
948 0
949 170
950 201
951 73
952 201
953 116
954 197
955 197
956 18
957 73
958 116
959 116
960 73
961 194
962 0
963 0
964 116
965 197
966 0
967 116
968 18
969 201
970 201
971 194
972 217
973 116
974 197
975 0
976 170
977 217
978 116
979 217
980 18
981 73
982 201
983 197
984 116
985 201
986 0
987 73
988 194
989 194
990 0
991 116
992 197
993 73
994 0
995 116
996 73
997 0
998 217
999 217
