0 1
0 2
0 3
0 4
0 6
0 7
0 12
0 28
0 47
0 56
0 60
0 68
0 71
0 81
0 89
0 100
0 122
0 131
0 136
0 159
0 180
0 183
0 192
0 198
0 208
0 209
0 217
0 223
0 243
0 256
0 298
1 0
1 2
1 3
1 4
1 5
1 9
1 10
1 30
1 33
1 34
1 47
1 48
1 51
1 53
1 54
1 63
1 66
1 72
1 74
1 122
1 146
1 175
1 190
1 201
1 217
1 246
1 294
2 0
2 1
2 12
2 13
2 16
2 30
2 33
2 34
2 35
2 37
2 41
2 42
2 50
2 51
2 56
2 57
2 60
2 106
2 107
2 121
2 122
2 123
2 128
2 132
2 138
2 146
2 147
2 159
2 163
2 192
2 195
2 209
2 214
2 258
2 276
2 291
3 0
3 1
3 5
3 8
3 19
3 49
3 76
3 150
3 207
3 225
4 0
4 1
4 6
4 11
4 19
4 23
4 32
4 33
4 36
4 40
4 43
4 45
4 50
4 57
4 76
4 82
4 97
4 104
4 110
4 136
4 141
4 142
4 147
4 171
4 228
4 246
4 250
4 261
4 276
4 283
4 297
5 1
5 3
5 15
5 16
5 32
5 86
5 113
5 208
5 264
5 271
5 272
5 274
5 280
6 0
6 4
6 7
6 9
6 10
6 26
6 27
6 33
6 50
6 55
6 56
6 58
6 65
6 79
6 83
6 99
6 104
6 115
6 117
6 138
6 159
6 193
6 200
6 210
6 216
6 228
6 239
6 240
6 244
6 253
6 276
6 284
6 293
7 0
7 6
7 8
7 17
7 22
7 23
7 26
7 27
7 31
7 34
7 44
7 47
7 52
7 55
7 65
7 73
7 85
7 92
7 96
7 101
7 180
7 182
7 191
7 204
7 207
7 226
7 236
7 240
7 262
7 276
7 293
8 3
8 7
8 9
8 17
8 21
8 25
8 31
8 34
8 44
8 65
8 66
8 100
8 112
8 119
8 128
8 140
8 143
8 159
8 167
8 183
8 184
8 188
8 216
8 217
8 227
8 248
8 283
8 288
9 1
9 6
9 8
9 17
9 31
9 41
9 67
9 70
9 88
9 97
9 124
9 146
9 178
9 233
9 266
9 273
9 284
10 1
10 6
10 11
10 18
10 29
10 53
10 71
10 111
10 123
10 216
10 236
10 294
11 4
11 10
11 18
11 22
11 23
11 25
11 35
11 39
11 88
11 97
11 123
11 135
11 175
11 226
11 231
11 295
12 0
12 2
12 13
12 14
12 20
12 25
12 28
12 38
12 49
12 53
12 54
12 68
12 73
12 83
12 95
12 122
12 131
12 135
12 170
12 177
12 205
12 206
12 229
12 236
12 244
12 246
12 253
12 258
12 265
12 285
13 2
13 12
13 14
13 18
13 22
13 23
13 25
13 30
13 32
13 37
13 38
13 42
13 43
13 44
13 62
13 67
13 68
13 95
13 96
13 98
13 100
13 107
13 108
13 117
13 129
13 143
13 144
13 145
13 165
13 167
13 182
13 190
13 206
13 222
13 225
13 234
13 246
13 253
13 284
13 289
14 12
14 13
14 15
14 24
14 38
14 41
14 66
14 71
14 95
14 175
14 193
14 194
14 270
14 287
14 289
15 5
15 14
15 16
15 17
15 21
15 24
15 25
15 27
15 100
15 127
15 295
16 2
16 5
16 15
16 17
16 19
16 23
16 34
16 57
16 68
16 73
16 88
16 91
16 95
16 113
16 127
16 172
16 183
16 212
16 216
16 219
16 228
16 233
17 7
17 8
17 9
17 15
17 16
17 28
17 65
17 69
17 90
17 131
17 286
18 10
18 11
18 13
18 19
18 57
18 139
19 3
19 4
19 16
19 18
19 20
19 25
19 28
19 36
19 42
19 46
19 230
19 239
19 248
19 285
19 287
20 12
20 19
20 36
20 62
20 81
20 85
20 86
20 229
21 8
21 15
21 33
21 35
21 37
21 43
21 74
21 162
21 167
21 185
21 241
21 297
22 7
22 11
22 13
22 44
22 47
22 51
22 57
22 58
22 63
22 66
22 77
22 92
22 137
22 138
22 183
22 186
22 209
22 238
22 239
22 256
22 272
22 278
23 4
23 7
23 11
23 13
23 16
23 24
23 25
23 28
23 30
23 34
23 37
23 38
23 45
23 48
23 55
23 60
23 75
23 77
23 78
23 96
23 115
23 120
23 132
23 150
23 167
23 179
23 201
23 208
23 232
23 238
23 243
23 248
23 268
23 270
23 275
23 288
23 291
23 294
24 14
24 15
24 23
24 25
24 31
24 36
24 40
24 50
24 56
24 64
24 65
24 67
24 78
24 102
24 103
24 118
24 140
24 152
24 168
24 170
24 202
24 203
24 216
24 257
24 261
24 262
24 268
25 8
25 11
25 12
25 13
25 15
25 19
25 23
25 24
25 43
25 50
25 55
25 57
25 58
25 65
25 72
25 87
25 93
25 95
25 98
25 113
25 124
25 129
25 131
25 133
25 134
25 153
25 157
25 158
25 162
25 164
25 166
25 178
25 181
25 190
25 199
25 200
25 220
25 221
25 222
25 232
25 245
25 258
25 281
25 284
26 6
26 7
26 28
26 41
26 84
26 124
26 126
26 133
26 241
26 294
27 6
27 7
27 15
28 0
28 12
28 17
28 19
28 23
28 26
28 29
28 39
28 48
28 49
28 55
28 89
28 105
28 113
28 124
28 130
28 135
28 137
28 138
28 147
28 161
28 173
28 214
28 216
28 249
28 259
28 273
28 282
28 289
29 10
29 28
29 40
29 52
29 59
29 78
29 123
29 140
29 145
29 151
29 174
29 177
29 211
29 232
29 233
29 246
29 254
29 263
30 1
30 2
30 13
30 23
30 52
30 86
30 111
30 141
30 145
30 152
30 156
30 181
30 206
30 277
30 280
30 288
31 7
31 8
31 9
31 24
31 32
31 35
31 38
31 40
31 48
31 87
31 88
31 124
31 130
31 139
31 147
31 186
31 267
31 273
31 292
32 4
32 5
32 13
32 31
32 34
32 38
32 53
32 75
32 91
32 125
32 147
32 246
33 1
33 2
33 4
33 6
33 21
33 38
33 46
33 62
33 68
33 69
33 110
33 119
33 164
33 231
33 237
33 272
33 279
33 286
34 1
34 2
34 7
34 8
34 16
34 23
34 32
34 36
34 41
34 52
34 64
34 84
34 94
34 155
34 171
34 199
34 201
34 206
34 209
34 229
34 238
34 255
34 262
34 278
34 279
35 2
35 11
35 21
35 31
35 43
35 59
35 152
35 190
35 211
35 245
35 256
35 264
36 4
36 19
36 20
36 24
36 34
36 39
36 63
36 101
36 115
36 121
36 130
36 187
36 212
36 221
36 240
36 263
37 2
37 13
37 21
37 23
37 54
37 98
37 101
37 176
37 195
38 12
38 13
38 14
38 23
38 31
38 32
38 33
38 49
38 69
38 83
38 84
38 96
38 98
38 104
38 105
38 116
38 126
38 128
38 154
38 161
38 195
38 202
38 242
38 245
39 11
39 28
39 36
39 44
39 65
39 66
39 73
39 75
39 197
39 280
40 4
40 24
40 29
40 31
40 54
40 61
40 80
40 89
40 97
40 104
40 107
40 120
40 125
40 135
40 143
40 213
40 219
40 227
40 237
40 295
41 2
41 9
41 14
41 26
41 34
41 43
41 48
41 50
41 83
41 92
41 118
41 210
41 217
41 221
41 284
42 2
42 13
42 19
42 61
42 68
42 77
42 83
42 148
42 252
43 4
43 13
43 21
43 25
43 35
43 41
43 45
43 53
43 67
43 81
43 84
43 89
43 110
43 115
43 131
43 230
43 285
44 7
44 8
44 13
44 22
44 39
44 48
44 87
44 186
44 234
45 4
45 23
45 43
46 19
46 33
46 51
46 106
46 204
46 235
46 273
47 0
47 1
47 7
47 22
47 55
47 94
47 113
47 137
47 152
47 165
47 184
47 193
47 274
48 1
48 23
48 28
48 31
48 41
48 44
48 109
48 120
48 135
48 154
48 163
48 175
48 179
48 249
49 3
49 12
49 28
49 38
49 61
49 65
49 67
49 217
50 2
50 4
50 6
50 24
50 25
50 41
50 59
50 66
50 93
50 160
50 169
50 197
50 235
50 247
50 251
50 257
50 271
50 279
51 1
51 2
51 22
51 46
51 61
51 95
51 108
51 176
51 194
51 196
51 230
51 288
52 7
52 29
52 30
52 34
53 1
53 10
53 12
53 32
53 43
53 67
53 74
53 136
53 182
53 189
53 196
53 214
53 253
54 1
54 12
54 37
54 40
54 144
54 207
54 274
55 6
55 7
55 23
55 25
55 28
55 47
55 79
55 88
55 110
55 134
55 142
55 182
55 184
55 185
55 241
55 288
55 291
56 0
56 2
56 6
56 24
56 204
57 2
57 4
57 16
57 18
57 22
57 25
57 116
57 295
57 299
58 6
58 22
58 25
58 70
58 84
58 110
58 113
58 114
58 205
58 234
58 249
58 258
59 29
59 35
59 50
59 72
59 112
59 114
59 118
59 149
59 181
59 224
59 232
60 0
60 2
60 23
60 112
60 127
60 133
60 138
60 157
61 40
61 42
61 49
61 51
61 70
61 82
61 158
61 163
61 186
61 244
61 290
62 13
62 20
62 33
62 111
63 1
63 22
63 36
63 80
63 173
64 24
64 34
64 88
65 6
65 7
65 8
65 17
65 24
65 25
65 39
65 49
65 67
65 153
65 171
65 178
65 248
65 254
65 271
65 282
65 288
66 1
66 8
66 14
66 22
66 39
66 50
66 67
66 98
66 104
66 126
66 127
66 149
66 159
66 177
66 191
66 298
67 9
67 13
67 24
67 43
67 49
67 53
67 65
67 66
67 73
67 88
67 121
67 168
67 202
67 204
67 292
68 0
68 12
68 13
68 16
68 33
68 42
68 73
68 78
68 185
68 298
69 17
69 33
69 38
70 9
70 58
70 61
70 77
70 78
70 181
70 252
70 272
71 0
71 10
71 14
72 1
72 25
72 59
72 141
73 7
73 12
73 16
73 39
73 67
73 68
73 85
73 93
73 98
73 109
73 130
73 164
73 187
73 192
73 218
73 268
74 1
74 21
74 53
74 80
74 134
74 188
74 231
74 275
74 282
75 23
75 32
75 39
75 136
75 174
75 265
76 3
76 4
77 22
77 23
77 42
77 70
77 172
78 23
78 24
78 29
78 68
78 70
78 118
78 156
79 6
79 55
80 40
80 63
80 74
80 110
80 212
80 245
80 266
81 0
81 20
81 43
81 90
81 144
81 208
81 237
81 275
82 4
82 61
82 102
83 6
83 12
83 38
83 41
83 42
83 88
83 93
83 99
83 102
83 105
83 121
83 274
84 26
84 34
84 38
84 43
84 58
84 98
84 160
84 192
84 208
84 221
84 233
84 269
84 273
84 281
85 7
85 20
85 73
86 5
86 20
86 30
86 151
86 165
86 221
87 25
87 31
87 44
87 161
87 173
87 178
87 275
88 9
88 11
88 16
88 31
88 55
88 64
88 67
88 83
88 133
88 143
88 171
88 200
88 221
88 246
88 255
88 260
88 265
88 281
88 296
89 0
89 28
89 40
89 43
89 96
89 223
90 17
90 81
91 16
91 32
91 98
91 103
91 138
92 7
92 22
92 41
92 150
92 162
92 250
93 25
93 50
93 73
93 83
93 212
94 34
94 47
95 12
95 13
95 14
95 16
95 25
95 51
95 106
95 143
95 162
96 7
96 13
96 23
96 38
96 89
96 101
97 4
97 9
97 11
97 40
98 13
98 25
98 37
98 38
98 66
98 73
98 84
98 91
98 130
98 151
98 193
98 194
98 223
99 6
99 83
100 0
100 8
100 13
100 15
100 216
100 225
100 267
101 7
101 36
101 37
101 96
102 24
102 82
102 83
103 24
103 91
104 4
104 6
104 38
104 40
104 66
104 157
104 183
105 28
105 38
105 83
105 124
105 203
106 2
106 46
106 95
106 137
107 2
107 13
107 40
107 138
108 13
108 51
109 48
109 73
110 4
110 33
110 43
110 55
110 58
110 80
110 162
110 251
110 299
111 10
111 30
111 62
111 138
111 141
111 142
111 260
112 8
112 59
112 60
112 122
112 141
112 202
113 5
113 16
113 25
113 28
113 47
113 58
113 130
113 138
113 166
113 183
113 189
113 198
113 210
113 217
113 219
113 255
113 278
113 298
114 58
114 59
115 6
115 23
115 36
115 43
116 38
116 57
117 6
117 13
118 24
118 41
118 59
118 78
118 162
118 264
119 8
119 33
120 23
120 40
120 48
120 157
120 194
120 225
121 2
121 36
121 67
121 83
121 128
121 241
122 0
122 1
122 2
122 12
122 112
122 249
122 290
123 2
123 10
123 11
123 29
123 133
123 172
123 200
123 266
124 9
124 25
124 26
124 28
124 31
124 105
124 139
125 32
125 40
126 26
126 38
126 66
127 15
127 16
127 60
127 66
127 193
128 2
128 8
128 38
128 121
128 211
129 13
129 25
130 28
130 31
130 36
130 73
130 98
130 113
130 224
131 0
131 12
131 17
131 25
131 43
131 133
131 155
132 2
132 23
133 25
133 26
133 60
133 88
133 123
133 131
133 267
134 25
134 55
134 74
135 11
135 12
135 28
135 40
135 48
136 0
136 4
136 53
136 75
136 219
137 22
137 28
137 47
137 106
137 189
137 210
137 270
137 297
138 2
138 6
138 22
138 28
138 60
138 91
138 107
138 111
138 113
138 139
138 188
138 202
138 213
138 243
139 18
139 31
139 124
139 138
139 164
139 166
139 292
139 296
140 8
140 24
140 29
141 4
141 30
141 72
141 111
141 112
141 143
141 144
141 148
141 152
141 216
141 228
141 268
142 4
142 55
142 111
143 8
143 13
143 40
143 88
143 95
143 141
143 268
143 286
143 297
144 13
144 54
144 81
144 141
144 215
144 221
145 13
145 29
145 30
146 1
146 2
146 9
147 2
147 4
147 28
147 31
147 32
147 169
147 259
148 42
148 141
149 59
149 66
150 3
150 23
150 92
151 29
151 86
151 98
152 24
152 30
152 35
152 47
152 141
152 190
152 278
153 25
153 65
154 38
154 48
155 34
155 131
156 30
156 78
157 25
157 60
157 104
157 120
157 215
157 218
157 239
157 277
158 25
158 61
159 0
159 2
159 6
159 8
159 66
159 214
159 265
160 50
160 84
161 28
161 38
161 87
162 21
162 25
162 92
162 95
162 110
162 118
163 2
163 48
163 61
164 25
164 33
164 73
164 139
165 13
165 47
165 86
166 25
166 113
166 139
167 8
167 13
167 21
167 23
168 24
168 67
169 50
169 147
170 12
170 24
171 4
171 34
171 65
171 88
171 183
171 225
172 16
172 77
172 123
173 28
173 63
173 87
174 29
174 75
175 1
175 11
175 14
175 48
175 182
175 208
175 214
175 245
175 261
176 37
176 51
177 12
177 29
177 66
178 9
178 25
178 65
178 87
178 215
179 23
179 48
180 0
180 7
181 25
181 30
181 59
181 70
182 7
182 13
182 53
182 55
182 175
182 200
182 208
182 256
183 0
183 8
183 16
183 22
183 104
183 113
183 171
183 231
184 8
184 47
184 55
185 21
185 55
185 68
186 22
186 31
186 44
186 61
187 36
187 73
188 8
188 74
188 138
189 53
189 113
189 137
190 1
190 13
190 25
190 35
190 152
190 197
190 242
191 7
191 66
192 0
192 2
192 73
192 84
193 6
193 14
193 47
193 98
193 127
194 14
194 51
194 98
194 120
195 2
195 37
195 38
196 51
196 53
197 39
197 50
197 190
198 0
198 113
199 25
199 34
200 6
200 25
200 88
200 123
200 182
200 247
200 250
200 269
201 1
201 23
201 34
202 24
202 38
202 67
202 112
202 138
203 24
203 105
204 7
204 46
204 56
204 67
205 12
205 58
206 12
206 13
206 30
206 34
207 3
207 7
207 54
208 0
208 5
208 23
208 81
208 84
208 175
208 182
208 269
209 0
209 2
209 22
209 34
210 6
210 41
210 113
210 137
210 220
211 29
211 35
211 128
212 16
212 36
212 80
212 93
213 40
213 138
214 2
214 28
214 53
214 159
214 175
214 223
214 240
215 144
215 157
215 178
216 6
216 8
216 10
216 16
216 24
216 28
216 100
216 141
216 284
217 0
217 1
217 8
217 41
217 49
217 113
218 73
218 157
219 16
219 40
219 113
219 136
220 25
220 210
221 25
221 36
221 41
221 84
221 86
221 88
221 144
222 13
222 25
223 0
223 89
223 98
223 214
224 59
224 130
225 3
225 13
225 100
225 120
225 171
225 228
226 7
226 11
227 8
227 40
228 4
228 6
228 16
228 141
228 225
229 12
229 20
229 34
230 19
230 43
230 51
231 11
231 33
231 74
231 183
232 23
232 25
232 29
232 59
233 9
233 16
233 29
233 84
234 13
234 44
234 58
235 46
235 50
236 7
236 10
236 12
237 33
237 40
237 81
238 22
238 23
238 34
239 6
239 19
239 22
239 157
240 6
240 7
240 36
240 214
241 21
241 26
241 55
241 121
242 38
242 190
243 0
243 23
243 138
244 6
244 12
244 61
245 25
245 35
245 38
245 80
245 175
245 270
245 276
246 1
246 4
246 12
246 13
246 29
246 32
246 88
247 50
247 200
248 8
248 19
248 23
248 65
249 28
249 48
249 58
249 122
250 4
250 92
250 200
251 50
251 110
252 42
252 70
253 6
253 12
253 13
253 53
254 29
254 65
255 34
255 88
255 113
256 0
256 22
256 35
256 182
257 24
257 50
258 2
258 12
258 25
258 58
259 28
259 147
260 88
260 111
261 4
261 24
261 175
262 7
262 24
262 34
263 29
263 36
264 5
264 35
264 118
265 12
265 75
265 88
265 159
266 9
266 80
266 123
267 31
267 100
267 133
268 23
268 24
268 73
268 141
268 143
269 84
269 200
269 208
270 14
270 23
270 137
270 245
271 5
271 50
271 65
272 5
272 22
272 33
272 70
273 9
273 28
273 31
273 46
273 84
274 5
274 47
274 54
274 83
275 23
275 74
275 81
275 87
276 2
276 4
276 6
276 7
276 245
277 30
277 157
278 22
278 34
278 113
278 152
279 33
279 34
279 50
280 5
280 30
280 39
281 25
281 84
281 88
282 28
282 65
282 74
283 4
283 8
284 6
284 9
284 13
284 25
284 41
284 216
285 12
285 19
285 43
286 17
286 33
286 143
287 14
287 19
288 8
288 23
288 30
288 51
288 55
288 65
289 13
289 14
289 28
290 61
290 122
291 2
291 23
291 55
292 31
292 67
292 139
293 6
293 7
294 1
294 10
294 23
294 26
295 11
295 15
295 40
295 57
296 88
296 139
297 4
297 21
297 137
297 143
298 0
298 66
298 68
298 113
299 57
299 110
